{
  "liczba_wezlow": 27141,
  "liczba_krawedzi": 29347073,
  "sredni_stopien_wezla": 2162.563870159537,
  "gestosc": 0.07968179329990925,
  "czas_pracy": {
    "godziny": 0,
    "minuty": 23,
    "sekundy": 17
  }
}