{
  "liczba_wezlow": 27141,
  "liczba_krawedzi": 52176,
  "sredni_stopien_wezla": 3.844810434398143,
  "gestosc": 0.00014166582293287188,
  "czas_pracy": {
    "godziny": 0,
    "minuty": 0,
    "sekundy": 0
  }
}