{
  "liczba_wezlow": 27141,
  "liczba_krawedzi": 48234910,
  "sredni_stopien_wezla": 3554.394458568218,
  "gestosc": 0.1309651605957339,
  "czas_pracy": {
    "godziny": 0,
    "minuty": 15,
    "sekundy": 5
  }
}